005300000800000020070010500400005300010070006003200080060500009004000030000009700
061030020050008107000007034009006078003279500570300902190760000802400060640010250
100830002570001000000509064704008590003010400051400306360704000000600079800052003
030007004602041000050030967040003006087000350900700020718020040000160809400500030
085000210094012003000300704503409000040206030000103907608005000100840360027000890
080001600070400021500396000204050130008907500057030900000563009310002050005800040
012680090600004010805200370000007523000406000381900000054002801070300002030059760
047050008605030201000706030006070024900804006450010900010502000208040503500090710
009001620570028030300700004890070400060503090001090076600007008040130065027600900
007000900200507006080104070040010030601000809090080060050809010010603002006000300
070103060050000070300050001500304008407000102900702004200070003030000040060509020
000013400080006950650000000960201000100070002000304016000000079025800040009760000
001090270009002050200003000300014002080000040100280005000900007010300900046070500
000409000080020700020507106300800060760000031010006002205908040009070010000605000
000000945006000000520103807090310000003080100000046020705208019000000300861000000
200700050000048006000002309900600240070020080025001003804900000600480000090003008
065000300200067900040300001006050004000402000700080100600004010008570006001000830
027900000050002084008000207070030006000817000300040020106000800240600010000005640
900278100001030249003000000030800000007000500000004030000000300578040900004516007
006007009800030100900605030003000018000901000210000600060703001009020004700800500
470108029000000000006927100090601030300000004040709080004875300000000000580403097
050801090730000054800030001008302100000000000006704500100050009380000012040608030
653000700000009000804050003900017300005030800007290005400070206000800000006000157
010000060300000009250400300470310000020070040000046078003008057800000004060000010
024861000170020005000000000701003080900050004080900501000000000300080017000692450
001309700700000006560000018040693070000050000070482050630000081200000009004901300
008600002390002000004370000003000810602010304015000200000063700000500049200008100
100900670000400013090020000000572030300000005020394000000040020260005000085003009
000000004028750030031002000650237000000090000000681059000900860090024310500000000
000050000060409010170000094086000540400703008021000670240000087010904030000030000
645900003700000000030006804000050039100307002420090000204800090000000005500009416
005000006400209000370060008040006007080050020100300090500080032000907001600000700
000090030000860120000342860007000205008000600201000400035276000016084000020050000
052083940000000000140007320008009000039000760000700500067500091000000000014670830
000000003000590400820004605006005200500106009001200300108900047007083000200000000
390010048840905062000000000009108200020000050001604300000000000580701023210080097
480010029001209500600000003070050030009304700010020090200000001003806900950030067
046090510002301900000605000670000054080000060520000098000704000005209800061080720
001000500080006290630200004050809700000010000009507030500001069093700010002000300
910000037002000600800609005090302050004080700060701080600208004001000300250000019
803001000000000400100028003904060017000405000210080306300270005009000000000800602
008000600050040080790608045400050006000201000200070003910507038030060020004000700
000007004800000060540920001459010003200000009100030482700058096010000005600700000
000904000092563810600000005500408003070000050200709001700000004014385760000207000
003000040410005020000092003041050000009803400000070680200760000060200098030000700
000002385070000009000008061700010500050709030001030008810600000600000020935400000
301000209000106000540000081000613000200905003000842000190000035000408000402000807
020000010000805000801000604032704590600000008085209170208000409000401000090000050
200000008005302400090105020053060910002000300086090570060708040009604700300000001
000002930000000015046000007060804009008107600400209050300000290790000000025300000
206907000095000630000030200050040001000302000400070060001060000079000180000108409
000400083050790006000800400700030008001000200500040007007006001900014030140009000
804509601091000740000030000700408006003000900400903002000090000076000580902807103
093006080000400302000010009000050203037040160402030000300080000509002000060300420
004300280920086050600000001040000009010020070300000040800000002060250013095003700
000000010000097604073400500200030040004916200050080000009002850402560000030000000
000020000042901830030000070300274005800000002500896003050000060071603590000080000
004700001601000580000095300060040010408000702010050090006510000089000203700002100
207900630310004000600100000004509800000020000002807900000001005000300027093005108
950080043800605009000903000620000054004000700190000032000702000400501008230060017
400701006720000089006000500090105060000938000070604050007000600130000048600203005
000100260700030000302080400000408001035000940200305000006050709000040008057009000
008090000070000280064100309000805900500000001009304000802007560097000010000060700
000702000100040007650000094470801062000000000580209013860000075900060008000908000
007238000060700050000400002900000867100000003648000005700003000020005030000174900
507000009080002170010060004090030000001709300000040060800050020076200090400000608
009700000500002709800010006001600405000040000706008200400090008602300004000007900
009000064400000000100360072004600009000903000200005400920057008000000005340000600
030008005005000807000040900000390400059070210002065000007050000501000700600900020
302700009008000045004001300000059000090030060000260000001400200260000100400002503
095008000002006700040000005050020007060050020400070080200000040006100300000300250
003000400007208500800030007200703004005000800700501009100040002006809700004000900
000009752090000000140800009009502006000308000700104500600003025000000010524600000
120000008006009040000005006050070310000504000072030060600700000040600500900000037
200000007007610000009007260004060070050409030020070500086700900000084300400000008
000000000500009062870050030100040520300906001084020003010060047740800009000000000
480600130000800007200905600100007800000000000002300001004209005900001000023006018
600090180030006700700000020500024000000603000000980007020000008009100070087050009
850100300300000007040000020010080700900305008005020090030000070500000001001002064
501030007080000060000006004003961000800503009000728600100300000020000030900070801
700010054090000001005800060400680000100040003000039002020006100300000020570020008
180000400000800000009034500040960000520080076000053010002510700000002000007000092
930000076500470002000093000009000060067000180020000300000540000200068003140000025
060030000045900028008000730000090050900806007080050000036000900420009380000020010
400000005103000400000003060300590208000807000809061007020400000001000506500000009
506400108000800000709300204000000379000000000213000000805004702000005000301002906
870000021000682000090000030006704300009000200008203400060000090000419000920000048
000403000040010060270000049900501003007000500800206004760000032030020090000304000
300000008000241000706000902050406030008000700090108050902000403000324000400000007
000006200300020890010700030053000060002000100080000940030001080027030006009800000
350200006000030002000106000001070509080604070607010200000405000100060000700001038
007065000008000040060700830600000020970203061050000008023007080090000200000120900
390200800000700029700300050000000930000412000056000000070004002410006000003007084
200906001010000040004000800300207004029000350800503006007000600030000080100702003
000000000260000071010509080003402100000308000001607900030205040850000062000000000
050096000000000004001083500908000000206050109000000406004160200100000000000270060
000918006386700000002000000004300070060070050010004800000000700000007649900436000
060201090009000500120000068700403002000000000300806004490000086008000200010708040
002578000000001800060000002150206009800000001300107084200000070005900000000714200
570000000000013000400007580600000030000984000020000007081200009000130000000000054
050060000120800000009700600070003000590000072000400050003001500000006017000020030
042000180000080043000510000000007400930000052007100000000042000170050000029000360
400103009002806300100000008010050030200070005070060020600000003001605900500702004
900200000800300004035906000000000870060000030057000000000803640300002005000001002
020000400806700023005060000002400070000605000090008100000020700570003209001000030
000008007817002000000050014702090105000000000508070302370080000000400973400500000
800000004020000070009106500006208900090030040002407800007905600080000020600000009
001905000090200680000000049000040501000000000708050000560000000043008070000106400
000700080080009050002004030000540600600030001003078000030400700010300090020006000
000000000250080064003602900039000620000307000061000450006409700370050092000000000
080400093002060000005800700800200007070000020500003004006001200000040900140008070
000070460600008000008030010400300020085000730030009004040060300000500007056010000
080000030002800500700000012000180006005000200200097000640000008001004700090000020
601005007009070000000000024300604000040000080000901005810000000000050700500300108
000060000900300400700490200400920060006000500030084001003016004002008007000030000
609500000002190040040000000800070400000602000005080001000000070090048300000001506
009000000608003004010908005701000000040080020000000503800209040400100906000000200
000003006003020000290500000900004060300801005070900003000005097000060800400100000
800005093400000100050002000908010000000607000000020407000300020004000008310500009
809001600000900030500080400008003000010020050000400700001050006060002000007800209
000040700007001050008302000100000000045603920000000006000905200090400300002010000
900002000100500004003000570000008690600000002014900000059000400200001006000300005
000000000701000805500819007004607300050000020007103500006985002409000608000000000
000200000028007500090014000160000000200301007000000084000540090003800650000006000
045000000000020790006030004000002530010000040059600000400010300067090000000000480
076000000000840007409000030702008040000000000030600809000400603500072000000000250
000010000760000590105000800000790010003000200080061000008000703074000086000030000
090000023000700080003900007107060000060040070000050608200001900008004000310000050
390004000000000900000502007250030090010000040070040085700901000001000000000800053
008000013000600500107090000050003069000000000320400070000050804005006000840000600
500030609020007400000000020001003005000286000600700900010000000007100040403090002
000080063004703001060000009030000206000030000502000080400000010600801700910050000
008000300000391000010802070250000031000030000830000056040106080000489000005000600
700000000006750209004090000400002090080000020050800003000010500103048600000000001
000000400000810000800063970010000704020708060706000090089420003000096000003000000
000730200020050080700400000000000605630000047108000000000009003090020060005076000
800732001000000000190000028004501600700000004009407100240000036000000000900128007
006000004020060007301008000004005030007000500090600800000800602100090050500000900
008000000070006500506008100300070010040000090010050002003700801009800070000000400
000004009460800003001090004000602070000000000020503000800010900100007042300900000
500000900000200001000130520020000007009406300400000010054069000900001000006000003
060300010035600200000008900000005070090080060080900000003700000006001420010002080
400003000000260009508000600820000010007000200010000063004000508100082000000900004
302008000950006000000031400000000230800000009067000000006570000000100085000200901
001040200000703000305000801020000080000609000090000050506000103000501000008060400
000006500827000001000027000008600000510000067000001200000790000600000829004500000
000002500304680000100000600051040000070060040000010780007000009000028103008700000
000360700080000020000907001000030100036000480005070000700209000050000060002046000
040108200057000000000002600004600000608000409000007500001300000000000730009501060
080007050090810000065200000004600000003000200000008700000004890000056030070900040
002060000006007009007008400900030001300502004600010003005300800800600500000020900
010008407950000000008010000082000000700406008000000620000050700000000082503200010
750090046901000302000000000200601007080000020100308005000000000309000204840030079
000890020009005007050000300093500100000107000001006840008000060900600400010028000
080790000000002090003008450008000001096000370300000200032500900040800000000064020
000400002004012009070008000020090170000080000061050040000900050600120300100003000
100034009740000000000080200090720150000000000017093020003050000000000096600970005
060000027000510000700800009540070000000408000000030082300002001000063000690000030
000340000200000407070008005003001002009060800700200300500600010102000009000014000
080000020001000600200050003006501200700604009004709300600010005007000900040000030
019200500700080300040500000300000000020107080000000001000004050005010006002006790
090568020000000000056000790300409007000000000400201008074000510000000000020134070
100000004245000708030500000900003100000807000007600002000009040402000653300000009
001400000000078601000050900080000023013000560950000070005040000309180000000007300
100000009060807050007000200210050093000408000430020087001000900050609040600000008
000080020400007900803400000000005001940010052500300000000009703009800004030060000
400000100002600400670000092020004000010709060000300020130000079007005300008000001
009000002000310800208600000050020001000408000600090040000006403007085000100000200
000002900008040070000607030040000050053809260010000090030204000070050600005700000
050030000001600908340701000000007005090000080700200000000309061604008300000060070
800040103000500700130000000000206080500000004020407000000000031002004000604070005
007300200300000001800620000073400005000000000500008490000067004200000006009004300
030000740000000080000485620200009000060104030000800009096731000020000000017000060
100000000002300074000200085600870050000906000090024003580002000940007800000000006
300100004000000090002009030100200700003000800008006001010400200050000000400007008
460001000002096000030000068000000037000607000510000000840000050000710900000300024
000050000009006800057000240080904000200060003000308010048000350001400700000090000
036000740000605000200000009705000201000209000902000403300000002000908000071000950
000000008003970000600030020800200070079000240010007009060050004000042900500000000
046000890000000000007953200070030050000407000090020080002741500000000000051000430
800000003000700000002004189008000000709601802000000300651300700000002000200000001
056000000100700200000092000014080000800000009000040350000530000009008002000000160
007090000080000102600002040400000009000346000500000007050900003301000020000060800
000000300000900070009050081410006000060070020000200054140030200080002000005000000
300006000000021000860007320024000000900000003000000670093100052000750000000800006
005430010100002000700000009080000020300000006020000030200000008000900007040081500
010000008630000400005700600000600030000239000050001000008004300002000095900000020
200000000090800056007300019000430080000000000040059000720001300180005070000000005
305001004002008000000060082940000000003000700000000043250010000000500900100400307
004870030210009000003000000060500000401000905000007020000000100000200078050086400
710000000209050600000008090006032000008000400000180900030700000004010708000000053
000673000300000004007000900010702080004090600080106090005000300200000007000429000
000005090006100003014890000960000000000020000000000072000018640700009200020300000
000009000030010006090280400059006003000000000800700940004025030200070050000800000
005000400800000003030802090000308000207040301000709000040605020600000005009000100
010008006000000003000075400002004080046000790050900100004300000800600000900800050
000600050804000600020080030000703004006050100300108000070010020002000301090007000
002090000080600001000010680700000000050206040000000008069070000500009030000030700
000910406500006000104080000700000050010000080020000003000060109000500002401073000
000070001640002009008000000803500000004080900000009706000000300900100062500040000
000057080300000000002900400200809300400000007007406008006002700000000005090310000

